1
200
6932 0
7001 30
7031 0
7101 29
7130 0
7201 28
7229 0
7301 27
7328 0
7401 26
7427 0
7501 25
7526 0
7601 24
7625 0
7701 23
7724 0
7801 22
7823 0
7901 21
7922 0
8001 20
8021 0
8101 19
8120 0
8201 18
8219 0
8301 17
8318 0
8401 16
8417 0
8501 15
8516 0
8601 14
8615 0
8701 13
8714 0
8801 12
8813 0
8901 11
8912 0
9001 10
9011 0
9101 9
9110 0
9201 8
9209 0
9301 7
9308 0
9401 6
9407 0
9501 5
9506 0
9601 4
9605 0
9701 3
9704 0
9801 2
9803 0
9901 1
9902 0
0 100
100 0
101 99
200 0
201 98
299 0
301 97
398 0
401 96
497 0
501 95
596 0
601 94
695 0
701 93
794 0
801 92
893 0
901 91
992 0
1001 90
1091 0
1101 89
1190 0
1201 88
1289 0
1301 87
1388 0
1401 86
1487 0
1501 85
1586 0
1601 84
1685 0
1701 83
1784 0
1801 82
1883 0
1901 81
1982 0
2001 80
2081 0
2101 79
2180 0
2201 78
2279 0
2301 77
2378 0
2401 76
2477 0
2501 75
2576 0
2601 74
2675 0
2701 73
2774 0
2801 72
2873 0
2901 71
2972 0
3001 70
3071 0
3101 69
3170 0
3201 68
3269 0
3301 67
3368 0
3401 66
3467 0
3501 65
3566 0
3601 64
3665 0
3701 63
3764 0
3801 62
3863 0
3901 61
3962 0
4001 60
4061 0
4101 59
4160 0
4201 58
4259 0
4301 57
4358 0
4401 56
4457 0
4501 55
4556 0
4601 54
4655 0
4701 53
4754 0
4801 52
4853 0
4901 51
4952 0
5001 50
5051 0
5101 49
5150 0
5201 48
5249 0
5301 47
5348 0
5401 46
5447 0
5501 45
5546 0
5601 44
5645 0
5701 43
5744 0
5801 42
5843 0
5901 41
5942 0
6001 40
6041 0
6101 39
6140 0
6201 38
6239 0
6301 37
6338 0
6401 36
6437 0
6501 35
6536 0
6601 34
6635 0
6701 33
6734 0
6801 32
6833 0
6901 31
